0.36526715395229653
0.508323413598683
0.49580370109069954
0.5947231216207259
0.4824738808147867
0.5900458066734579
0.3183629618228865
0.32599231067874535
0.4177381732111394
0.4659479610840899
0.40891412860456233
0.4120206546814958
0.4108574264803656
0.44238127472134414
0.586607251331453
0.7181662918830246
0.41629945222024534
0.5478998166599802
0.4350262175247378
0.492845549896639
0.5169771018538604
0.5449412627153285
0.6599084126986029
0.37410107727867864
0.7351707396360623
0.39902739988775343
0.9671982209313551
0.7169341329568139
0.5443024590377867
0.42664860859715975
0.432171412852554
0.4207105264570837
0.4412318869954068
0.44311471324766616
0.4944338076294494
0.4213898880150156
0.475197103007969
0.4092838871637091
0.31593422777196184
0.4240417847428932
0.6896305586585714
0.5592994338970431
0.4399268755363026
0.48372543927829453
0.9201195661344026
0.9557138983198079
0.4075068600737408
0.9146296568696005
0.7958547779123907
0.5960272137381958
0.5970560908712689
0.662994385020987
0.6264185986965349
0.4282967756043723
0.7211726594106798
0.7924285546269211
0.5589651402064245
0.3862665306548926
0.39902035067970837
0.6814851873592593
0.47357836431235517
0.42334757775274756
0.43777656272353593
0.40471762654177224
0.5201677192367031
0.3446251314322578
0.3519150631167164
0.48881044814151753
0.520122133977398
0.6590214616134791
0.5154774003493285
0.7441174266398165
0.5170387735881836
0.46097453540712013
0.40086874028590574
0.44829735848168534
0.6289813708846508
0.5041986136311114
0.41855544609103773
0.42499945198579725
0.44281296653768487
0.48499891632252
0.48134013506327133
0.5492789623065659
0.41173440959018126
0.3886120113897455
0.37257293214874493
0.5897162080983266
0.4683150990655003
0.3723310094924117
0.4495073612265701
0.8052680464159595
0.7431812401897888
0.3882869451139566
0.6034624931926037
0.34508746024792036
0.41347845988948545
0.37949245946567367
0.6517751477067762
0.5938846976854835
0.5604929890526937
0.562007385925636
0.6553214457665899
0.638165294771874
0.4977405499114314
0.5054988759848532
0.740901024825382
0.4406160388498233
0.47066408381107944
0.4997107248072043
0.43339152890593463
0.6009705263565991
0.4786485085885327
0.36145083269793404
0.523127487616684
0.42490375578242057
0.8093207775215683
0.527987884559525
0.4453715911626847
0.4218718583607098
0.4127521700522461
0.3694033075169305
0.3662060261968978
0.577910800355894
0.531122317462176
0.5891412078365564
0.5564895459431786
0.47154961902613957
0.6188369258985511
0.4299301969164401
0.6815430022493941
0.6921174522841259
0.6951908364262257
0.43792428032126074
0.49442539806282393
0.4748174916900085
0.4655834354514908
0.48561512504083426
0.5242036489635699
0.5231415705425122
0.7751046771169255
0.5956552648581578
0.39809507694757396
0.44541068089164004
0.5557932273470221
0.40257487632304295
0.6866162163385299
0.37866203045971575
0.8262291000497768
0.5396751852517211
0.5393015415784326
0.36238877131306413
0.3644820099533184
0.4915125330720224
0.6514308870267449
0.6829836912968498
0.5144712983773642
0.8240266406937171
0.4499422076470072
0.46927465810592267
0.4404197789269731
0.5592459476365507
0.4634277092085326
0.35912205956008497
0.5939919923341207
0.49966143740385055
0.8630297368441902
0.5328173766487296
0.6780996220274463
0.4894973017472968
0.6231743843619857
0.47391002610740895
0.6369800699683147
0.8351978216682018
0.6571909426742139
0.5144746525301582
0.43873660665511716
0.5286409426457578
0.4861830269926238
0.6751397183554063
0.5622374591925964
0.4947690445771595
0.6763267145388456
0.38505106170667047
0.6190391337291884
0.6579857723384942
0.386664657658554
0.5816380713019939
0.5067636180628878
0.5231292516381483
0.6385984203738145
0.5270318849434725
0.6560407248485908
0.41684563568652877
0.5296579844243147
0.459485494360071
0.5568104289324309
0.5029493230154685
0.7958190285948263
0.5446851850364491
0.43650061901045667
0.43979210049297074
0.5021549491395856
0.6790957058202219
0.4338575913248753
0.4794537408879833
0.473898838494795
0.40288950032404375
0.39826011080007384
0.5553447359876827
0.4568042577683715
0.3863356127214514
0.48561673933544053
0.3778448167900552
0.627921106004546
0.42605501343848295
0.37581306778613993
0.4946711259166747
0.5410595103365811
0.4570361715996238
0.4606322323904064
0.6977153107306212
0.34933500055202427
0.5170688733074134
0.4420661106590159
0.4329505193320309
0.4892814372581018
0.5094947171512979
0.6339532687212853
0.5560110790314476
0.5731618673406884
0.4528912229223763
0.48649274655793145
0.7624419572743923
0.461646957753905
0.44259246994843937
0.6052755409626338
0.6555635925403205
0.8111490814018781
0.5770858322184018
0.3872624257448096
0.4705660749801542
0.6514742219778017
0.3796988299708386
0.5016151401012066
0.44206894820751513
0.5294400990435695
0.46288166886608434
0.4353344813123783
0.383213426223089
0.5018945267977843
0.5206750407415419
0.4600895257942647
0.5961413411316259
0.5707067510724716
0.44300265458716725
0.3930310561490275
0.7174564796710434
0.4727799709473709
0.5155643640602258
0.6039439401399291
0.4050269457619757
0.38325583439744376
0.5189222946985516
0.701176201428508
0.6632389523893777
0.5447897698070455
0.5093557679390749
0.47222507578453804
0.41123616097184174
0.5836710649030455
0.4155582726993835
0.40737517057447625
0.4917988571922798
0.6396019023671581
0.5360229892716883
0.41830620799037366
0.8313753450359477
0.534194200678805
0.4665730575696006
0.5709171394369041
0.37317673531756695
0.7791425724045825
0.7593754054855507
0.49580907740380803
0.6400012989186741
0.5465129925386998
0.6962680110204723
0.40488537568510163
0.6449633475102919
0.5748703171413019
0.5587135168851249
0.6093332245360837
0.6371141772205902
0.6696137495406
0.6931399243808342
0.717462334229919
0.4892778847433508
0.5856672038945852
0.7929260695284996
0.6277421430931375
0.5969408266096874
0.6169210663425857
0.39170220092496255
0.48458536852139267
0.7331677797858349
0.7798173484037682
0.579560661987032
0.4682456959748119
0.4346273234391306
0.8181253664936731
0.5063675510639312
0.562665661986205
0.8027217450306026
0.4421008364189493
0.5518663113934693
0.5969136814625297
0.8735725041438709
0.5248152721367513
0.4086969245882409
0.4867353214285575
0.5115742084211602
0.5902247862229765
0.42198970081935167
0.5810012240859423
0.428286011649346
0.6677813016712981
0.3971988459793189
0.4903696305737783
0.5010350467187703
0.48449333390814475
0.566568511482998
0.6476423577180811
0.5392549697819002
0.7519145507389772
0.39881233574599356
0.5304396406285655
0.4484890655278789
0.5011094932504393
0.5269259060165087
0.5017191902525162
0.5125233979016303
0.48289513892900965
0.549064346243121
0.5018002925419447
0.45583832618021936
0.4411492231901942
0.4654272519135586
0.5473859225559783
0.5796804995090868
0.8004818677922549
0.5974904274287397
0.4494830810144187
0.43676876168430706
0.4185793894301836
0.8546337544236556
0.6673733619291816
0.8119438883036445
0.5128692902315438
0.381645970199116
0.5586517430080613
0.5988323472290886
0.61830413614425
0.5479668323491508
0.660664652114169
0.46018863468196214
0.739275606688837
0.5130570980541085
0.6331105875180083
0.5311920860586642
0.5026166441614582
0.4945152023738777
0.5513566828559604
0.5312265960199908
0.4335133326864761
0.7364595962185408
0.43728289112971863
0.6353211280988235
0.6008508296329429
0.5183953761588687
0.6028564031560593
0.5487130696417268
0.6617174261262196
0.44720418374023563
0.48712325283069974
0.5415381191571099
0.5730309235850196
0.7758348344637065
0.7110922337942744
0.5617511262123455
0.5446767765947748
0.4361845864410903
0.4464168130228499
0.4152627343745247
0.4887451699013412
0.4811168640172835
0.6234220557993454
0.6763369416784135
0.6200940292652638
0.7105556662787295
0.38820036127178037
0.4466750422121982
0.5094183818264549
0.7858582598822177
0.5862481347383891
0.5909901975354263
0.636753427418214
0.7101050078860683
0.5942282827814157
0.5664321139556868
0.5969124164306058
0.5103030512027004
0.5276270704265087
0.4909948542267735
0.6124748410368789
0.5002862487472836
0.44604739196344506
0.6642854532576775
0.5614415403127347
0.6528482503297439
0.5180294866223385
0.7240433886218862
0.4672249387380276
1.1874003657851808
0.5913813062872395
0.4318564087279922
0.6251937887109887
0.38363514688660955
0.5350420246335814
0.45917464385908385
0.5611751401426945
0.4297401294829897
0.6197219597777043
0.8282307365549074
0.41938342314728094
0.8688172243429201
0.6204049851076185
0.5854414982871893
0.4150622197555101
0.7465876157863015
0.4190893959670347
0.4351297922626184
0.9446973869334577
0.7299677129402383
0.639198786468476
0.4462764181637177
0.3718249129773833
0.6858883046312753
0.5834845231202461
0.45896199869159277
0.5859832828173365
0.4179036763914822
0.5488062691877099
0.6201060711823017
0.4215615364091563
0.5788629906312655
0.7163797667901647
0.6006330361633256
0.5102128387655919
0.5190466765955055
0.42785180648127447
0.5649348069886575
0.6798437908779148
0.38894821494966414
0.6017925553193566
0.36965224002732106
0.6423497168925296
0.5711855676492229
0.487104483548661
0.4575979751873425
0.6426218007127323
0.4840634688875103
0.7688498992942949
0.5174747089034306
0.5165115666513922
0.483512690417981
0.42752733260397224
0.5322355002994058
0.715807481587179
0.7997322119709355
0.542349078462874
0.6247016028267626
0.5849527841377669
0.7013435972805435
0.9784748500945493
0.5149427958408197
0.36860570555059313
0.4756872244338093
0.6981711775162522
0.5772407776109318
0.6745937046802088
0.6407583350805626
0.5154401321735489
0.43826426244349936
0.4983049493254054
0.7191531297314677
0.45269127770634104
0.3691967285982775
0.52696799783801
0.43252391791622263
0.5178139290494301
0.5406921929571086
0.5111565541150269
0.6412902370079271
0.49346359737854306
0.41673533409336827
0.6872771818659487
0.5686907170827009
0.4554008906505885
0.6360443779866017
0.6528735402107961
0.3744266580194393
0.6095920230266575
0.7181065704855837
0.4927716236472776
0.4585302027540085
0.614006238505813
0.4081862773722338
0.5918319654299803
0.38966734544338083
0.6515929041074116
0.40020858219103744
0.5215071574637609
0.3366909374681654
0.4195156830307823
0.6780822662747087
0.6186097360891922
0.5833225342045477
0.47558823850579435
0.394277176031634
0.5954838913089315
0.7060517050363411
0.6868311570209975
0.4795808775644901
0.5867606355340846
0.60674117319419
0.430281172541741
0.5056069755366097
0.5095187049034259
0.5799238154610055
0.4632053141567963
0.6656546208112739
0.7322046598731559
0.3766843233846758
0.5162300777890714
0.6321250788033997
0.47922963203350305
0.717349804189023
0.547439019634002
0.888767207063289
0.5168797227414128
0.5233092735444534
0.7454094081640662
0.7085539491414735
0.7852351127680923
0.4689411221071159
0.5614830002928801
0.6021346502301993
0.7346012341795425
0.550306180975509
0.3794079830970871
0.4435698264206408
0.6936973135556666
0.8960686370951648
0.839866676415717
0.5180290545989399
0.528177184465253
0.5434542099476611
0.5489966920223956
0.43877678778905543
0.7379965482966359
0.41387232152156195
0.49829479186131337
0.5139442759028174
0.6206560273358582
0.49426104555301836
0.5509327449021643
0.6853318558620768
0.7568580283611837
0.7513260411089847
0.5647554076698684
0.7869547996294374
0.7217580368064951
0.8747203259080872
0.4481262757515875
0.4544013562148695
0.6193699488231766
0.49881246926496503
0.5436878416941971
0.702952554958345
0.7262020127133277
1.033052312665794
0.5802713304702014
0.4467731715362638
0.5122129724493355
0.6632906675485408
0.6689035093725876
0.3299890788480937
0.4116012840388998
0.41317820294823615
0.4239890250653637
0.45943232099604314
0.49079620236912636
0.45779189195265
0.7124085258528414
0.4715335861853718
0.4408460271093091
0.5406582677386121
0.5295778648980108
0.5426532061309656
0.515396755739144
0.5009416185261916
0.5405226810245902
0.4824061718424529
0.5176945664810023
0.42641089358538087
0.3389252182897511
0.3959560276797994
0.5937620158342827
0.610564659386734
0.6269878294461504
0.424669367572288
0.5900023768440215
0.6693475189926148
0.7552598272684861
0.557453710667453
0.48975697391698886
0.4735322750356443
0.4873382799666692
0.5139433941393458
0.4680191877361346
0.496745943492957
0.4188439194740967
0.6113795080386121
0.603421080050483
0.6872518078574588
0.5171055459740242
0.6265775497482177
0.5538780595262711
0.5120301638978325
0.5075856117521238
0.59359627348242
0.6118626149199918
0.4308051972522806
0.5415079310283676
0.5963935487265205
0.6471612846705512
0.5982013476074256
0.5648380558957885
0.4439266716929406
0.47416927228869077
0.569086148936925
0.5795836957560203
0.5008647064751007
0.6189814907065622
0.6496382654116959
0.4230905251528227
0.4717061192097262
0.4649245609600481
0.6198082074282415
0.4698071832511389
0.5828286233674349
0.6960954952606638
0.49684499681355043
0.5556027074077583
0.6537273858079089
0.5809350659836777
0.6855574899190988
0.5902006607751679
0.3773274631610244
0.5060451827114801
0.5209112266596567
0.8706949080703456
0.455689098913173
0.46474480053514017
0.5253944112413685
0.6582607012243071
0.8720865571238122
0.4655590699293558
0.5629416142322086
0.4153427778971286
0.39956942998235684
0.3944918228867361
0.7008825972611384
0.5750915225475118
0.45213762502248045
0.5974161718900255
0.41603161339325884
0.357939236618648
0.41856649193569057
0.3813683958883981
0.7430170265928455
0.6202159343540755
0.4774162645177857
0.6085480219543624
0.6624638131884967
0.4103528419221503
0.39675665584395475
0.6278667743759334
0.5541087709330365
0.62178567487305
0.4581744356333552
0.5436644398801107
0.5481035988194489
0.5800488518193133
0.5241124118654678
0.48469631801742896
0.5686152955352314
0.5999782540068145
0.44709177613899975
0.525135380857989
0.6677721666943838
0.3810604132977124
0.45821835987823406
0.3623456068646987
0.4722519966990145
0.7859660650027989
0.47677139211732567
0.7581339469107331
0.5038741818779053
0.5608239256753856
0.45579778069661536
0.5874976932868006
0.604971597261542
0.47699840336046695
0.8451635406422631
0.5000772611938954
0.4833264152747132
0.5855005454175274
0.5222800524733019
0.7923561542366255
0.6431441963799231
0.6063135998485714
0.5298457467933586
0.6499106787674644
0.5054996040310297
0.487038951310151
0.538659961571996
0.5474166122419853
0.5412062410704733
0.6621647878505895
0.4472910761438374
0.521997197998748
0.440936622555715
0.42161549733995385
0.5592007143447267
0.6021031768884504
0.6311408163142399
0.43184911458415637
0.5666174760881743
0.7331268501808416
0.6592472362864112
0.6577152611026652
0.4446393418311707
0.6070957070869368
0.6353778028986329
0.5514730305809677
0.5930028472267477
0.6425502790141957
0.484678260161985
0.4369302414414566
0.5666791721647023
0.7577907096634874
0.6307525915378621
0.7967077381057409
0.565469095889938
0.5445022830523181
0.5980237476803822
0.5236075006476121
0.8701716469764612
0.5543723030484717
0.4835303979207268
0.59943401310653
0.583012323740959
0.6857020837316523
0.45045412582334504
0.44538776764057236
0.6357226221694606
0.5900153325312677
0.4664961318128737
0.5099282625826983
0.6410564572470426
0.6456152665565864
0.4775405180497692
0.44750927958874664
0.40092064135114164
0.8377925231050508
0.6056342612326417
0.42765221752363486
0.7262737864805827
0.593293593043935
0.7328516198805751
0.7253537205236513
0.43702722327337434
0.5315373245073763
0.47183113247877945
0.7491463332769577
0.4350625697383789
0.4937903209946705
0.43661827924394386
0.785842744372075
0.6073967310793326
0.4247870150796088
0.40823170386899255
0.47036967641087696
0.6564348832325557
0.5291799751574366
0.43311936623689856
0.5422050742011704
0.5379685273486253
0.6936649487992141
0.5407808915529102
0.4420670086494016
0.46119703503051424
0.40534363446460114
0.5738496720373155
0.4077880420603774
0.5458135047469018
0.4607632806007268
0.503950983444942
0.5436891964601508
0.44910611403448447
0.5626216323539663
0.5868980509797448
0.6744778591578274
0.5623665704428936
0.7510069274707988
0.4288450305725309
0.5150688544280657
0.4404391770884366
0.8038914829567037
0.5902244170466365
0.5377176891029833
0.584662992847215
0.45016772602436744
0.39060141301222695
0.41287572913557175
0.5735778277459055
0.7362809820957182
0.5842679956129025
0.5731942333842607
0.6698941171297895
0.6065480970748356
0.43426279863432554
0.4371322370437818
0.4408302276298103
0.5615002174042036
0.6586251094939218
0.45646517246630774
0.7037272138156077
0.5678763066056243
0.5489773356644915
0.5457274173641192
0.672271794274279
0.7493928053049753
0.3922317661031465
0.4969887813418869
0.37050579254549715
0.48794420296387697
0.4703388237054619
0.506467111961418
0.6833391993544651
0.7543590569590023
0.5221383720946476
0.43591709523461136
0.677706497209974
1.123544754485368
0.5227653353895683
0.523539516204319
0.3985497016556749
0.34364838649194096
0.5952622537581619
0.717674368025886
0.5039137223683713
0.7785594156997276
0.7042536578074482
0.5184338212750359
0.37606024702488644
0.753521636943185
0.5042398244884835
0.48083545889819285
0.47138834495793597
0.35047950569684405
0.7343182633546091
1.0218560485204782
0.8470952355470251
0.5985109583419765
0.456520730535078
0.4145411457948788
0.4742476706237575
0.5792522585923329
0.7526137906054238
0.7363198992153359
0.8292957270078882
0.6573388542005428
0.607986356330648
0.4036179927929854
0.637931920734627
0.6425459569104665
0.38545477059863115
0.7111951247954388
0.46344499711437653
0.5850470159922967
0.6339074594443607
0.386683382695082
0.6247936991361709
0.4291799710516308
0.9485624119410881
0.812588103734265
0.5690771273807782
0.6798042423321687
0.8462263406899471
0.47100618012296946
0.48108816030834894
0.5925268992741324
0.5117065556273548
0.4539911198857268
0.5146880209480792
0.44245033947225093
0.6457997962112411
0.5162063367126424
0.4192092552308338
0.6083403544742809
0.44063740564266185
0.43824526585108703
0.6860948793280287
0.4789229367315135
0.6270806540913452
0.543424240186495
0.6381091462855948
0.8935267885067263
0.4478840823400024
0.4616764754335362
0.5964446581081556
0.56034383843624
0.41529993693776285
0.4462397185709217
0.7920165804025636
0.44290180384477557
0.6443828417867762
0.38525548444589036
0.40905130798913225
0.3809522718534658
0.46089539733656626
0.44044702272677805
0.3528634997426863
0.42950474608607064
0.3673556167088046
0.3792575630509591
0.5403536073163309
0.41580252693911046
0.46080685899453727
0.5793250794055704
0.8163324047046002
0.43430834868575036
0.5320083082198386
0.5651933619349852
0.7101284992742579
0.49785969090171994
0.594244093804419
0.43835786328746773
0.41635965285360665
0.44954438635814176
0.5182207167620466
0.5017457351464856
0.3881567708383048
0.3792747981761617
0.3835123323902644
0.5426569867525235
0.4347110820491456
0.497709393085776
0.41305189924201563
0.6782779145275535
0.6949405172292246
0.534605508112629
0.5109524473512492
0.533030080345371
0.5908818101885809
0.3568103601625035
0.9122136207361116
0.662418852383078
0.7177374252963512
0.6872866947574768
0.4030428049547866
0.6077962867814758
0.4446581405239629
0.6780481927112059
0.6382952015589115
0.47013468167595945
0.3680967652562665
0.34616647452804356
0.48240608504307425
0.4199912759156237
0.4731238020770906
0.6193081367501209
0.5214731568763694
0.5727424051454757
0.3671927376710751
0.696796711193008
0.4483298392841957
0.5388010979279162
0.37197383375212995
0.3967368244280998
0.5049100343106226
0.5306843807327634
0.9580589916981491
0.3987967530621656
0.3532253440951464
0.5610114565941497
0.40574473577808123
0.3595993822133098
0.3121360276324908
0.4525066225938881
0.488586534763998
0.44773536549156934
0.8752536241425007
0.7008617538316966
0.6481450208597976
0.386743133872418
0.3341840182752311
0.5753002949330116
0.45804165713761574
0.4800829218015074
0.40851823242896224
0.3818444500005074
0.3490786784685525
0.4338592444201753
0.46237759312461535
0.5287462549693034
0.6716584261432834
0.4541069865642543
0.35263380827762375
0.5533654342850178
0.478266271383566
0.4783379983807196
0.5617836429889507
0.5011315080393188
0.7282321867430134
0.6385925420340965
0.49200532330139357
0.5373608747266454
0.40204891531481296
0.4115788512519481
0.39712224560797404
0.398611250071689
0.519184355834522
0.5363014802434151
0.5608148894368591
0.41320226488191697
0.5335721825709896
0.6744535605405433
0.43313967666244874
0.5745175759799114
0.5279832078841685
0.4569834218212713
0.5173788502729879
0.5886427423962944
0.5992960509888088
0.3717153546420663
0.4721791483579684
0.4548562019161104
0.4703408440887574
0.415457418178737
0.4314636334088804
0.3937737013409647
0.4053430002806147
0.47781943022585505
0.6279877917007621
0.3960868202555091
0.4643367056083473
0.416617259590295
0.3919180670242708
0.8995190974095676
0.4286322536662919
0.4137619011521882
0.4095272232918752
0.44129076345022084
0.5289609699196963
0.3343237474899292
0.6885972319035412
0.4491115764927003
0.3802330200431202
0.4316111484471002
0.37651367535280644
0.649844081702084
0.4345335841588492
0.39484520376599946
0.40599728270521324
0.6470651213416352
0.475296685872084
0.4017538344166396
0.4962933035965352
0.3943266362487264
0.38180219109606245
0.41322784053580164
0.5322034028201931
0.4680949219607838
0.6552441661454864
0.34499459450685294
0.5248908152397825
0.45001793946868834
0.6438617993341905
0.4655746383918467
0.37486578135239473
0.4133575468907025
0.3709142251994544
0.5915322907799827
0.4876448331608355
0.471355630430699
0.5070266483325233
0.44092906000226983
0.36143227128442346
0.46799839287762335
0.7976955950948115
0.4883927076329334
0.39465664761188685
0.6828227185196829
0.691489347202108
0.3772957742922827
0.7791130238332528
0.9917532261526394
0.54550621686919
0.5994619173759509
0.4455834378480527
0.5617120366450141
0.5620508700684491
0.4974322589582164
0.4119121466773238
0.8402097220886646
0.4789891798825467
0.4471992906170332
0.7649128931784084
0.45135390596433805
0.49816706177318576
0.593575223167682
0.4006953755944461
0.37884726368992316
0.41425893355594723
0.5429637449233646
0.3490967469626074
0.4457301690780572
0.37426421187785214
0.573603313508923
0.4021882508581185
0.4273201070151351
0.49318106396905587
0.40065506066239354
0.35239393051841317
0.5463049143954557
0.6076241724100534
0.39264954177592304
0.39557930947346487
0.5410917043978043
0.3705440633848547
0.4256747635551166
0.470348602338791
0.4453927493110307
0.40529012433780015
0.3814829108736964
0.3850934816036657
0.5173625953256654
0.759983026753667
0.4307725551891973
0.4198968814635433
0.3503237980779883
0.4889859500935186
0.5212864079164339
0.72519969978613
0.44280847117027905
0.3671233479022089
0.6382000061066503
0.4825562657720122
0.3868894803457494
0.6119084107363016
0.4817135519732448
0.378064841894506
0.42588572295070065
0.588148704624617
0.41454342064277827
0.5065597841850434
0.3805897411794214
0.45225704197510797
0.35315460017666134
0.3877478557977877
0.3274566705791064
0.390168801321985
0.43571927817667766
0.4060787471694298
0.6088785036002067
0.3524304746098325
0.42020703126778763
0.5771687711122347
0.4343108379579609
0.3464753876541434
0.3277084770364862
0.42586136858478796
0.3942938862834208
0.6091675755211997
0.48512212019584516
0.46255245148438917
0.4001360521629847
0.353349181538291
0.44428995251135417
0.578642281398073
0.3749920527986402
0.44142659877044177
0.4605299942324208
0.8236901514836394
0.389759760025631
0.4241699200513124
0.5036099897491302
0.46290708212901865
0.43065085203575676
0.4556553529605126
0.4830299038132508
0.40774691748627456
0.41557600763169183
0.47287585139005756
0.5587527377253434
0.3939018801663894
0.4679811354842818
0.5831715903296558
0.5466571738002297
0.4425984621066934
0.4539289149452717
0.4459422984660678
0.368417962029736
0.6104018059686039
0.3210562914102056
0.409400171793463
0.5277982440424976
0.6407964654144424
0.42714208464377845
0.5429350960421978
0.4146053460422399
0.481021026955411
0.40386806748822845
0.4543388965190938
0.6468932981447792
0.56059741955869
0.49264868443618975
0.5815761026424519
0.3614202076112856
0.3312432883014796
0.4874401173740489
0.42563377458192364
0.43626563190213724
0.5905636487829325
0.5190928621418177
0.3681216260271236
0.46578627277550055
0.40610682359860695
0.5103315197869971
0.3724225520712517
0.4061449996297135
0.6079214897578613
0.571063186845268
0.5098012786605888
0.3790331419029755
0.5032776839413716
0.39158490335882307
0.4391966528782629
0.4328038242554836
0.4076119699347593
0.32059003126776636
0.42758676286952435
0.6154691709822467
0.3375644859609222
0.6206517570215399
0.4140612905512603
0.66629767563365
0.49344684568611996
0.41195359318236463
0.5137519358175052
0.6517864404868092
0.5108519217016219
0.4212658744196266
0.43682384917904177
0.4916795674198873
0.44259605514581746
0.49836426846392345
0.5083777311263913
0.5448047677930408
0.43167280112385625
0.46313335606997197
0.3864088523200878
0.4487602712748126
0.6665529150793392
0.5296861582065064
0.44450032681588525
0.5225344554878797
0.5283535550517466
0.4143094176728778
0.5756879406349547
0.5418244584689401
0.3964038181071263
0.4748174651543037
0.42290886777086323
0.48034634707719936
0.48905693274682643
0.6536771131416861
0.44807646219371694
0.4737184289582876
0.57987969676588
0.6685539920040532
0.4549797366957578
0.5748739121337405
0.6122169864298053
0.46144584790802506
0.4664038278122475
0.3775076829508245
0.7884656528372929
0.4566788497857439
0.6492678980527894
0.44254608894469044
0.4914215398008343
0.7766025853200039
0.6092754017246639
0.4649829304056438
0.3999104221985813
0.4216776662891695
0.40902101465435436
0.6337042915492904
0.6951215770277398
0.7117391473168387
0.52125039502669
0.4330893475315137
0.43688811152783524
0.5554603463417249
0.8509977160889635
0.6223150894013574
0.4577168391416586
0.41319291975904543
0.6104558073411653
0.661043098858549
0.47647223106985576
0.7396094099814072
0.47858525240081196
0.4660592948781228
0.48758665992629496
0.4241874599047456
0.5676662370958474
0.461499582504161
0.45741805165689103
0.37541324998653797
0.42752456871505184
0.4077985081870414
0.5103730536694588
0.46206760018914694
0.7511419313939488
0.4618293271733326
0.45691761941434195
0.6347226207387795
0.41259964527049425
0.4749797911666412
0.45919911519694506
0.4582732368125027
0.5731286724094757
0.5434218266465297
0.436350998210324
0.5320324718444348
0.7403952066847805
0.6392908372096177
0.5106259491191105
0.46718084746689154
0.49311616155836085
0.4621544390048939
0.5541397730903549
0.4933192872511023
0.4810927651543914
0.518335603882691
0.494292053530397
0.4321860305437107
0.4184475979858564
0.49603922347691215
0.7933795221946559
0.43150575853933576
0.45037690174011813
0.3725725872462775
0.7195966263289253
0.4219695288357268
0.6239090650737364
0.6831305597464273
0.4187578097416493
0.5595874426310239
0.6163831676427275
0.5901387530239138
0.8242466164267658
0.720920143488954
0.4342442680882885
0.38303317377680346
0.5394863491659827
0.4018919549264446
0.3299120185972226
0.5933104446374914
0.4026127734051238
0.5677233000476616
0.42358054964414094
0.782768487616394
0.42017850401701196
0.5316162772011295
0.44758374278601715
0.4303088491752138
0.3869056749546642
0.7537230766510626
0.39226256575429524
0.6728948375087229
0.51424036963066
0.6629212594042764
0.40124473920049386
0.376692484329739
0.4580316042484967
0.482260897777196
0.522234258041958
0.3646368310328053
0.48191282731824775
0.4389858702508463
0.5222740561486595
0.6323316886395117
0.46674561474865717
0.4292543103740429
0.5407456530674951
0.4986248239833433
0.8789055507032121
0.40616070387961317
0.46771239034453527
0.5679710855517912
0.5474942656934172
0.6301806931353438
0.43258844971958815
0.44023513499478373
0.9338213632522527
0.5486104516412255
0.5073275794258971
0.5266126843778635
0.5814677339275267
0.3703584714888756
0.4728655611971829
0.4145778036957995
0.5469097997847001
0.3531461082015528
0.39748507900384245
0.5268415525429682
0.5318417863778767
0.7180050400173715
0.4411040342404703
0.757318666363678
0.48312172458768493
0.5174409868247893
0.8952781758579172
0.5439281240474829
0.5089810912529886
0.5319129982657592
0.813464341895637
0.5122692071757474
0.7437162014575722
0.4916174957598101
0.4091780318968553
0.6653470231692127
0.5438850290479891
0.4034344989118497
0.41651394253317875
0.6267763647210913
0.48551316990177773
0.6221070154064937
0.4714403206240119
0.7134820148084209
0.49462955909815837
0.6139608129183078
0.4471414883643067
0.4914536145643189
0.4773178797278926
0.6470334080750554
0.5421572309626037
0.5366283340573084
0.5647914899157305
0.6941797188955997
0.4691392986241911
0.6078741679614865
0.520903052888206
0.5233492071412575
0.5052321317666958
0.4671945983731227
0.5074628255768641
0.6954081421084685
0.595792850663252
0.460395124394342
0.37632855037824237
0.6791268160280349
0.6930530947889704
0.48606862946517626
0.6016157115148708
0.38509295076212596
0.6385023690390597
0.45574943788680466
0.7176459541362573
0.42187406997390076
0.9708199224175258
0.38341825992835504
0.9280691416265164
0.43089864986231463
0.7774973931184652
0.5109390411050777
0.561394408547896
0.44342036741201823
0.5388168174205826
0.39828712471023986
0.5454919069349929
0.6535181345304696
0.6844527451370994
0.4767533033124035
0.4086493063410273
0.5249578705902196
0.3311713040595682
0.5551337847170151
0.5197596220399507
0.41756276339890647
0.749561895840621
0.4748946543711879
0.5835674815142139
0.535368383738072
0.513027222290856
0.4656357725125688
1.2291854551798227
0.5103079361955839
0.7312269419599027
0.9798278556638497
0.44932169276655964
0.4287459596825864
0.6157945472525665
0.4580244196695674
0.49318751430779634
0.6795258235343727
0.5445742034817124
0.4371222179398854
0.37946675402201824
0.3862610142500901
0.4723851947501189
0.45167338990747924
0.467599987428807
0.4394743975736766
0.4634640701222238
0.4883990300911559
0.5228286550298415
0.4249640450876646
0.37035202537503403
0.3934648817989698
0.4884860368167845
0.43641825570562526
0.44221907891734097
0.41423837859828977
0.6982297924607352
0.6828777218379262
0.37655172450248475
0.554183171607346
0.36961226745850434
0.48137870414370804
0.493733017681946
0.386152679921374
0.7293170897949209
0.49593589577652525
0.4091952182916465
0.4567072909234865
0.46261274344658115
0.34503778215455067
0.4349882466493687
0.42195057109345435
0.4063122474796857
0.44362613447355537
0.45632163209045945
0.758321144876813
0.6676532827060427
0.5791504284496677
0.44774577674318816
0.5715869740195206
0.46234063666254954
0.4009606777669425
0.43220684112030683
0.5033004167246421
0.36997449660333354
0.469549839894534
0.39811252551571247
0.426799447854649
0.4448437900947227
0.5562050411497594
0.39302884674390215
0.45056230447604184
0.5425792384899443
0.5097573248346309
0.5079526437362621
0.5094567475187013
0.3992417821976032
0.5616221460449117
0.5096055933933131
0.483080197856895
0.41333378050658565
0.8335068940668926
0.44721606894731225
0.4806499917519072
0.6499599554141933
0.6235389994495385
0.5555735020969448
0.7338412132603356
0.4342179240127814
0.4845258839375411
0.4737587239170002
0.5104685178027004
0.4495648731846269
0.43364753924047783
0.37009089910038123
0.4431577732731292
0.448774816683354
0.6043862375348155
0.5530554612212747
0.5569968756688696
0.5273172908185131
0.5360924658086424
0.3808227521226778
0.6087025762126714
0.6188462509524433
0.4683352387386855
0.6368694039235
0.5803603949518958
0.46574672723104915
0.5349599348306883
0.47853134758056787
0.3952660730905706
0.49667151230312157
0.6191218456616617
0.5478922109269548
0.5450185629144318
0.46822464503005307
0.5923552524765463
0.46242569422111357
0.42883875223683493
0.45045199521272994
0.5647498402010459
0.5484448049528797
0.6383099845670391
0.4511815050292782
0.5008047888035475
0.4529106234489286
0.5380384326857331
0.6043812492679587
0.5724263664705992
0.5698641216404623
0.4356606983055179
0.5191095992586617
0.5657087190055851
0.5665308855067137
0.5851101859336884
0.4978614103861341
0.5090969979637605
0.5782598433266012
0.49263708043673227
0.5652020954925676
0.5449698651192175
0.5350851389462105
0.5756747062333446
0.5097861701449948
0.5009206131785892
0.479863025065621
0.4972800104870719
0.49546911956739437
0.48425557475885966
0.5758435704191428
0.5025684973265843
0.5156809401124617
0.48763914353418514
0.5271090841227567
0.5305746659469536
0.5680912594693944
0.6266135689618938
0.501634185064137
0.49851438997042535
0.6304559320320161
0.584322130731038
0.5423612869092179
0.5531233966109146
0.6962134804672322
0.6802058010879317
0.5416157091664819
0.6885343428605599
0.7998117624744538
0.6119014315060604
0.5634965046851039
0.6178901175010165
0.4561200744438595
0.4273424613961599
0.4485566682222838
0.562669319997729
0.4013697360750868
0.5569381404425581
0.4178380852178658
0.347314790875905
0.5068454986750198
0.5156670927585572
0.4170841139889154
0.38058197698256296
0.5660937474252093
0.40085033841612266
0.3921393278187238
0.4891445067469488
0.4200042854126124
0.6029787391881194
0.39372575833950035
0.3975901809136514
0.49309371914457273
0.6465680826818351
0.8792960552984774
0.6346947149843333
0.4462891754249909
0.41586877889807244
0.5047080981578393
0.5255509157914737
0.44467358936261747
0.46516644614278735
0.6185496148893009
0.42198501668706107
0.47910539555610254
0.5180834540122387
0.41125086182526194
0.7762845972333756
0.39135649229064673
0.3190903384207685
0.5550081323527373
0.43717853128163486
0.5289070133076338
0.5384629141577072
0.4185818337665167
0.3895922255303522
0.6158155094587542
0.565027862478021
0.5130758415376282
0.7832600368531549
0.5223318804432322
0.49743712202007206
0.7777358999119649
0.559979071628315
0.5926094435425266
0.7316446103200079
0.854599672009949
0.48896735286335646
0.7822311873611698
0.77334222975944
0.6472225301212254
0.6859272409760925
0.5957028293857494
0.8486718003907987
0.5621194801664917
0.5411674346527662
0.6095434936229646
0.5072247933106763
0.4836142916900677
0.43831455264449043
0.5136139478863142
0.5953342247918039
0.5607605735439303
0.5352329660425552
0.6357095643996715
0.5014580883555855
0.7807696354134092
0.40314854191005034
0.660571148087616
0.4776073194762287
0.6194270116762254
0.41343210516963114
0.3936926639634273
0.46379265046924456
0.4659522658252528
0.5782636693717566
0.5185593246674602
0.4847883290248717
0.37647714233226565
0.41758364845381385
0.47193329549596763
0.49363453405140395
0.4401246263071314
0.47059651062253444
0.5536866710940541
0.5584465254512486
0.4789518623688238
0.4712085883154474
0.6749421179044242
0.5483908618679064
0.4887042449746337
0.504867153822478
0.7072798198043586
0.9331012575269927
0.6368694039235
0.4311782227225621
0.32473326500489846
0.3252441585268268
0.3474391453283611
0.34770144641837075
0.41209763486269585
0.34452140182937324
0.34741887040841046
0.34226107049580995
0.37020657990871325
0.32245322095196877
0.4037072598118615
0.5726157168768727
0.36169455752303736
0.47032168114850276
0.37068500530533144
0.36396233805027095
0.3213956084122925
0.38715819263674356
0.34357887051811514
0.39792196522960505
0.3583729047942762
0.3712456629489115
0.3837031174171694
0.3925806474798754
0.3667789471846572
0.440118227911182
0.461758145182413
0.2922346444192591
0.2747863957873273
0.3478790678565727
0.4989578867232912
0.35651029254372396
0.4517657574111815
0.3986434921263413
0.4364777037482614
0.34755993091707355
0.41134301946661717
0.32642150604621323
0.3912158922414455
0.3770185100402272
0.42071729671232344
0.512562268335025
0.3658873328720539
0.34066843280076997
0.45275293922825266
0.43880872473073346
0.36289605792178503
0.4208502119179381
0.3383452278078903
0.33930504734766587
0.3887118861543993
0.3615523591517975
0.45135395591821875
0.4052364405286015
0.4030774786474371
0.41264545326936664
0.39936233257562803
0.35222807440704024
0.3378877085581748
0.4127896694299255
0.3898969163225493
0.40843214277904244
0.3917524921444646
0.3867897848663901
0.4281728257298187
0.508722399829533
0.43490310141762334
0.33889143043799064
0.37933756725939516
0.43389906755175683
0.39751215213563557
0.39971513300548844
0.5764949181429561
0.33981375045134254
0.5657853675743547
0.2857010935139366
0.29834448442779876
0.34903614521656856
0.35239473891940104
0.3712595720560536
0.3136886392878627
0.49561955924139145
0.36868773073656635
0.3956436007118337
0.42571412929743924
0.3752010407415253
0.3569487620658346
0.3172116025986647
0.35118199645387627
0.35152467694846007
0.378357981397953
0.3528645193234693
0.3754306951906631
0.3993554557658883
0.4165979322820337
0.3801589967491564
0.36368918245687976
0.38436407738404654
0.35590260944679963
0.4310584441954985
0.39143515350494273
0.45874410331067744
0.45311522242456836
0.3943975246845572
0.39166710692127565
0.34390899484298754
0.36544331957265747
0.4837091874556801
0.463235379428557
0.37352286431742066
0.3809526729371779
0.415361497164711
0.40639061576769814
0.3330809280600851
0.45067277683644885
0.35692013359952446
0.3377177411706609
0.36999400099485885
0.33658471880865387
0.3813766479779668
0.2965042409798307
0.4854567841860471
0.4941521795279178
0.3558863781749164
0.340429062153728
0.3700645236807709
0.4367324433059287
0.31780859775621473
0.49003150020321706
0.6758767192582386
0.3475507059350749
0.4307528922256768
0.41681156003450437
0.33821678769064606
0.4406829300886479
0.5558266729896074
0.31686740759404725
0.2800676827618114
0.33171396228300576
0.7432813373074749
0.585260567088652
0.3879769996303027
0.3424602176743598
0.4306209199303524
0.4158191552663801
0.3976465293327288
0.33699749538474505
0.28152885780240716
0.37432613961796113
0.3160292816213162
0.3840033158545467
0.4219879756951207
0.44389995477230026
0.4180834863549683
0.405089325354911
0.4496070129877509
0.410119696235857
0.366264929233151
0.3509094615467739
0.3435485642668944
0.49504911381097966
0.39900412564592774
0.45103264497697704
0.34522282579030666
0.350538624322727
0.3832618637827165
0.4816046246980871
0.41777586143182266
0.3317884580689738
0.4344677217160742
0.399715562943947
0.45560724157833443
0.4915617977958566
0.4735056549007663
0.3968799099804537
0.30083595966687277
0.3875606538937646
0.4454563269322214
0.34698121668041204
0.603510166776013
0.40642859282659616
0.3914479275026026
0.39900412564592774
0.7245281081689274
0.613389466333557
0.6229915501894419
0.4154540280800608
0.4719500639714098
0.3936778503304603
0.4787509957619217
0.45281798781718074
0.380478800633567
0.433673698776947
0.37653170997832985
0.6898207144704542
0.4563379653322831
0.4433522266761839
0.5504272524123435
0.3008160090006578
0.6683689567813825
0.4751227487789726
0.3972606300129308
0.40258617130797963
0.3035051627566184
0.4141636574244354
0.39952460486800095
0.4765147822110405
0.3509066584868352
0.42613529155744007
0.5690170335246578
0.42196975717349944
0.4995879928746001
0.34403725405256724
0.30674245106171627
0.41998680839176394
0.39443490185064606
0.4320982353191997
0.3955279371639264
0.4292991415400824
0.3454817379746674
0.4170813324741578
0.3740718481179577
0.3731042188912216
0.4131519494625889
0.35406065024272626
0.3554872500485303
0.34194128978631133
0.3434248298995693
0.3716992631463271
0.27548903313550166
0.436205579580919
0.37066357134005096
0.35318397543252317
0.3906121089087535
0.4353092411821876
0.36217579831568997
0.4202275331028796
0.3786320436054609
0.37393248606761686
0.39476298659220993
0.4540401839478268
0.35773653287756857
0.4021994445213582
0.35462159621990536
0.41523958998155464
0.3598665459817076
0.3539188252213598
0.35898461871976534
0.36821228903608666
0.4110563415498175
0.46420998834586086
0.5335529987201524
0.45506289008095907
0.36008921850107595
0.3596394300693229
0.363550711223749
0.31507937505270933
0.3727177922754943
0.4238519795013828
0.31887553932046636
0.49591231356068616
0.3485077248072363
0.44619007416610007
0.4599197103264347
0.447388924927704
0.3481001858863837
0.4101856480221201
0.39612883808052674
0.37107684108126787
0.5980015004721292
0.3713704215747334
0.2879863278851593
0.5408952341599683
0.40932161279997453
