1.6989700043360187
1.8750612633916999
1.8750612633916999
2.1760912590556813
2.1760912590556813
1.5740312677277188
1.8750612633916999
1.8750612633916999
2.1760912590556813
1.8750612633916999
1.5740312677277188
2.1760912590556813
2.1760912590556813
2.1760912590556813
2.1760912590556813
1.0621479067488444
1.6989700043360187
1.8750612633916999
1.8750612633916999
1.8750612633916999
2.1760912590556813
2.1760912590556813
2.1760912590556813
2.1760912590556813
1.8750612633916999
2.1760912590556813
1.8750612633916999
1.8750612633916999
2.1760912590556813
1.8750612633916999
2.1760912590556813
2.1760912590556813
2.1760912590556813
2.1760912590556813
1.8750612633916999
1.8750612633916999
2.1760912590556813
2.1760912590556813
2.1760912590556813
1.8750612633916999
1.8750612633916999
2.1760912590556813
2.1760912590556813
2.1760912590556813
1.4771212547196624
2.1760912590556813
2.1760912590556813
1.0
1.4771212547196624
1.8750612633916999
2.1760912590556813
1.8750612633916999
2.1760912590556813
1.8750612633916999
1.8750612633916999
2.1760912590556813
2.1760912590556813
1.8750612633916999
1.8750612633916999
1.5740312677277188
1.8750612633916999
2.1760912590556813
1.6989700043360187
2.1760912590556813
1.8750612633916999
1.5740312677277188
1.6989700043360187
2.1760912590556813
2.1760912590556813
2.1760912590556813
2.1760912590556813
1.6989700043360187
1.0
2.1760912590556813
2.1760912590556813
1.8750612633916999
1.8750612633916999
1.2218487496163564
1.6989700043360187
2.1760912590556813
1.8750612633916999
1.8750612633916999
1.4771212547196624
1.6989700043360187
1.8750612633916999
1.3979400086720375
1.8750612633916999
2.1760912590556813
1.6989700043360187
2.1760912590556813
1.6989700043360187
1.0621479067488444
2.1760912590556813
1.8750612633916999
1.8750612633916999
2.1760912590556813
1.8750612633916999
1.8750612633916999
1.4771212547196624
1.8750612633916999
1.8750612633916999
2.1760912590556813
1.8750612633916999
2.1760912590556813
2.1760912590556813
1.0
2.1760912590556813
1.8750612633916999
1.8750612633916999
1.2218487496163564
1.3309932190414244
2.1760912590556813
1.5740312677277188
1.6989700043360187
1.8750612633916999
1.5740312677277188
2.1760912590556813
1.8750612633916999
2.1760912590556813
2.1760912590556813
2.1760912590556813
1.6989700043360187
1.0
1.8750612633916999
2.1760912590556813
2.1760912590556813
2.1760912590556813
2.1760912590556813
2.1760912590556813
1.5740312677277188
2.1760912590556813
1.8750612633916999
2.1760912590556813
2.1760912590556813
1.3979400086720375
2.1760912590556813
2.1760912590556813
1.6989700043360187
2.1760912590556813
2.1760912590556813
2.1760912590556813
1.6989700043360187
1.6989700043360187
2.1760912590556813
2.1760912590556813
1.2218487496163564
1.2730012720637376
2.1760912590556813
2.1760912590556813
2.1760912590556813
2.1760912590556813
1.8750612633916999
1.6989700043360187
1.8750612633916999
1.8750612633916999
1.1346985738974562
1.3309932190414244
2.1760912590556813
2.1760912590556813
1.4771212547196624
1.8750612633916999
1.2218487496163564
1.0
2.1760912590556813
1.8750612633916999
2.1760912590556813
1.6989700043360187
2.1760912590556813
2.1760912590556813
2.1760912590556813
1.6989700043360187
1.8750612633916999
1.8750612633916999
2.1760912590556813
2.1760912590556813
2.1760912590556813
2.1760912590556813
2.1760912590556813
2.1760912590556813
2.1760912590556813
1.8750612633916999
1.8750612633916999
2.1760912590556813
2.1760912590556813
2.1760912590556813
2.1760912590556813
2.1760912590556813
1.8750612633916999
1.6989700043360187
1.0969100130080565
2.1760912590556813
2.1760912590556813
1.8750612633916999
1.8750612633916999
2.1760912590556813
1.6989700043360187
2.1760912590556813
2.1760912590556813
1.8750612633916999
2.1760912590556813
2.1760912590556813
2.1760912590556813
2.1760912590556813
2.1760912590556813
1.6989700043360187
2.1760912590556813
2.1760912590556813
1.8750612633916999
1.3979400086720375
2.1760912590556813
2.1760912590556813
2.1760912590556813
1.3309932190414244
1.8750612633916999
2.1760912590556813
2.1760912590556813
1.8750612633916999
1.8750612633916999
1.4771212547196624
1.3309932190414244
1.8750612633916999
2.1760912590556813
1.2730012720637376
1.8750612633916999
2.1760912590556813
2.1760912590556813
1.6989700043360187
2.1760912590556813
2.1760912590556813
2.1760912590556813
2.1760912590556813
2.1760912590556813
1.3309932190414244
1.8750612633916999
1.5740312677277188
2.1760912590556813
2.1760912590556813
1.6989700043360187
2.1760912590556813
1.6989700043360187
2.1760912590556813
1.5740312677277188
2.1760912590556813
2.1760912590556813
2.1760912590556813
2.1760912590556813
2.1760912590556813
1.6989700043360187
1.5740312677277188
1.6989700043360187
1.1760912590556813
1.8750612633916999
