1 5 0.03153755447906784
1 6 0.022812047358372736
1 11 0.04562409471674547
1 16 0.015393447923896296
1 20 0.02717480091872029
1 23 0.03153755447906784
1 31 0.03153755447906784
1 44 0.03153755447906784
1 45 0.021407554416226993
1 48 0.014492753623188406
1 66 0.022812047358372736
1 72 0.02462275368602926
1 73 0.043478260869565216
1 75 0.03153755447906784
1 78 0.017707952892990673
1 86 0.0202600001256817
1 92 0.015393447923896296
1 105 0.03153755447906784
1 106 0.057971014492753624
1 110 0.017707952892990673
1 111 0.019289756797701802
1 123 0.014492753623188406
1 124 0.02717480091872029
1 135 0.0405200002513634
1 147 0.018449293798025183
1 155 0.02717480091872029
1 156 0.1315592549446326
1 157 0.019289756797701802
1 160 0.042815108832453985
1 161 0.02717480091872029
1 162 0.017707952892990673
1 163 0.043478260869565216
1 190 0.047691739696002454
1 209 0.0202600001256817
1 219 0.021407554416226993
1 220 0.11573854078621082
1 227 0.02462275368602926
1 232 0.03153755447906784
1 233 0.038579513595403604
1 238 0.02462275368602926
1 240 0.02462275368602926
1 248 0.02462275368602926
1 251 0.03408960171175888
2 16 0.09834702840267077
2 45 0.027354097309623376
2 48 0.018518518518518517
2 73 0.037037037037037035
2 78 0.04525365739319838
2 92 0.019669405680534154
2 106 0.037037037037037035
2 123 0.037037037037037035
2 130 0.02914872718014294
2 136 0.16119194511523566
2 140 0.08059597255761783
2 147 0.11787048815404977
2 156 0.21012936553656594
2 157 0.02464802257484119
2 163 0.037037037037037035
2 164 0.040297986278808914
2 188 0.03472335672947592
2 190 0.020313148389038083
2 195 0.040297986278808914
2 206 0.040297986278808914
2 213 0.07394406772452357
2 223 0.023574097630809955
2 227 0.03146240748770405
2 233 0.07394406772452357
3 9 0.030649172662756075
3 13 0.030649172662756075
3 16 0.02991965934503787
3 21 0.030649172662756075
3 26 0.030649172662756075
3 34 0.030649172662756075
3 48 0.014084507042253521
3 49 0.041609049428722886
3 50 0.1584558814133831
3 62 0.030649172662756075
3 70 0.030649172662756075
3 73 0.028169014084507043
3 78 0.017209137318540232
3 83 0.020804524714361443
3 88 0.030649172662756075
3 92 0.014959829672518936
3 96 0.18389503597653645
3 102 0.030649172662756075
3 106 0.028169014084507043
3 110 0.017209137318540232
3 123 0.028169014084507043
3 127 0.1225966906510243
3 133 0.030649172662756075
3 134 0.030649172662756075
3 135 0.01968929589678926
3 144 0.030649172662756075
3 147 0.07171838152471761
3 154 0.026409313568897183
3 163 0.028169014084507043
3 187 0.030649172662756075
3 190 0.015449436802930374
3 200 0.030649172662756075
3 207 0.030649172662756075
3 216 0.030649172662756075
3 222 0.030649172662756075
3 223 0.017929595381179404
3 224 0.026409313568897183
3 228 0.030649172662756075
3 233 0.03749276673356125
3 243 0.06129834532551215
3 244 0.1225966906510243
3 246 0.030649172662756075
3 250 0.02392915499064815
3 251 0.016564665620502555
4 16 0.024139725153382828
4 48 0.022727272727272728
4 49 0.03357093760726505
4 63 0.03861295464400043
4 73 0.06818181818181818
4 92 0.024139725153382828
4 106 0.06818181818181818
4 110 0.0277692897640081
4 114 0.1544518185760017
4 116 0.1430937516116108
4 123 0.022727272727272728
4 146 0.0277692897640081
4 154 0.042615028713447724
4 156 0.30946324742657894
4 163 0.06818181818181818
4 190 0.024929773022910374
4 202 0.04945661952399276
4 209 0.0317713638334554
4 219 0.03357093760726505
4 230 0.09891323904798552
5 16 0.02167648789283356
5 20 0.038266556395748975
5 39 0.13323007708504173
5 48 0.02040816326530612
5 72 0.03467285723134732
5 73 0.04081632653061224
5 78 0.02493568876768074
5 83 0.0301453317289727
5 92 0.02167648789283356
5 106 0.061224489795918366
5 110 0.04987137753536148
5 111 0.05432625383842548
5 123 0.04081632653061224
5 135 0.028529387932082397
5 147 0.02597961779721913
5 156 0.13894268251805586
5 160 0.0301453317289727
5 163 0.04081632653061224
5 190 0.022385918632817477
5 209 0.028529387932082397
5 219 0.1205813269158908
5 220 0.16297876151527646
5 223 0.02597961779721913
5 226 0.0888200513900278
5 248 0.03467285723134732
5 251 0.024001862429707782
6 11 0.03212308709648406
6 16 0.04335297578566712
6 22 0.1776401027800556
6 29 0.1776401027800556
6 48 0.02040816326530612
6 60 0.03212308709648406
6 73 0.04081632653061224
6 92 0.02167648789283356
6 106 0.04081632653061224
6 111 0.02716312691921274
6 123 0.02040816326530612
6 135 0.028529387932082397
6 147 0.05195923559443826
6 156 0.30104247878912105
6 162 0.02493568876768074
6 163 0.04081632653061224
6 178 0.0444100256950139
6 190 0.04477183726563495
6 219 0.0301453317289727
6 220 0.10865250767685096
6 235 0.03212308709648406
6 251 0.024001862429707782
7 2 0.010714635790809713
7 8 0.010714635790809713
7 10 0.010714635790809713
7 11 0.008994464387015537
7 12 0.012434807194603893
7 16 0.04248591626995378
7 18 0.021429271581619426
7 19 0.010714635790809713
7 25 0.03214390737242914
7 30 0.010714635790809713
7 36 0.010714635790809713
7 40 0.010714635790809713
7 48 0.005714285714285714
7 52 0.010714635790809713
7 54 0.010714635790809713
7 55 0.021429271581619426
7 61 0.010714635790809713
7 63 0.029125200074331753
7 66 0.008994464387015537
7 67 0.058250400148663506
7 73 0.011428571428571429
7 76 0.010714635790809713
7 77 0.03214390737242914
7 78 0.013963985709901216
7 79 0.0194168000495545
7 82 0.021429271581619426
7 84 0.058250400148663506
7 85 0.010714635790809713
7 86 0.00798822862098307
7 89 0.00970840002477725
7 91 0.0194168000495545
7 92 0.006069416609993396
7 97 0.021429271581619426
7 98 0.010714635790809713
7 99 0.008440692884112356
7 100 0.010714635790809713
7 101 0.010714635790809713
7 106 0.022857142857142857
7 108 0.010714635790809713
7 109 0.04285854316323885
7 110 0.006981992854950608
7 113 0.02698339316104661
7 115 0.021429271581619426
7 116 0.10793357264418645
7 117 0.012434807194603893
7 118 0.010714635790809713
7 122 0.029125200074331753
7 123 0.022857142857142857
7 132 0.03214390737242914
7 138 0.00970840002477725
7 142 0.00970840002477725
7 143 0.00970840002477725
7 146 0.013963985709901216
7 152 0.021429271581619426
7 156 0.10374386961348171
7 157 0.007605675537379568
7 162 0.020945978564851826
7 163 0.011428571428571429
7 165 0.010714635790809713
7 167 0.00970840002477725
7 171 0.038833600099109
7 181 0.010714635790809713
7 182 0.03214390737242914
7 183 0.012434807194603893
7 188 0.021429271581619426
7 189 0.029125200074331753
7 190 0.03134028608594447
7 205 0.00970840002477725
7 208 0.010714635790809713
7 209 0.01597645724196614
7 213 0.022817026612138705
7 214 0.010714635790809713
7 221 0.010714635790809713
7 223 0.021822878949664073
7 233 0.007605675537379568
7 234 0.021429271581619426
7 235 0.008994464387015537
7 251 0.0067205214803181795
7 252 0.021429271581619426
8 2 0.009817074677443456
8 4 0.011393147953171107
8 8 0.009817074677443456
8 10 0.009817074677443456
8 11 0.008241001401715806
8 16 0.03336590282980663
8 18 0.01963414935488691
8 19 0.009817074677443456
8 25 0.029451224032330362
8 30 0.009817074677443456
8 36 0.01963414935488691
8 40 0.009817074677443456
8 48 0.005235602094240838
8 49 0.007733619134657919
8 52 0.009817074677443456
8 54 0.009817074677443456
8 61 0.009817074677443456
8 63 0.008895130912754026
8 66 0.008241001401715806
8 67 0.07116104730203221
8 71 0.011393147953171107
8 73 0.010471204188481676
8 76 0.009817074677443456
8 77 0.029451224032330362
8 78 0.01279422774467389
8 79 0.017790261825508052
8 82 0.01963414935488691
8 84 0.06226591638927817
8 85 0.01963414935488691
8 86 0.007319057637026375
8 89 0.008895130912754026
8 91 0.017790261825508052
8 92 0.005560983804967772
8 97 0.01963414935488691
8 98 0.009817074677443456
8 99 0.007733619134657919
8 100 0.009817074677443456
8 101 0.009817074677443456
8 106 0.020942408376963352
8 108 0.009817074677443456
8 109 0.049085373387217274
8 110 0.01279422774467389
8 113 0.032964005606863224
8 115 0.01963414935488691
8 116 0.10713301822230548
8 118 0.009817074677443456
8 122 0.026685392738262072
8 123 0.020942408376963352
8 132 0.029451224032330362
8 135 0.007319057637026375
8 138 0.008895130912754026
8 142 0.008895130912754026
8 143 0.008895130912754026
8 146 0.01279422774467389
8 153 0.008895130912754026
8 156 0.10693494413693305
8 157 0.006968550885033636
8 159 0.011393147953171107
8 162 0.01279422774467389
8 163 0.010471204188481676
8 165 0.009817074677443456
8 167 0.008895130912754026
8 171 0.035580523651016105
8 181 0.009817074677443456
8 182 0.03926829870977382
8 184 0.011393147953171107
8 189 0.026685392738262072
8 190 0.034457906167792346
8 205 0.008895130912754026
8 208 0.009817074677443456
8 209 0.01463811527405275
8 213 0.020905652655100908
8 214 0.009817074677443456
8 221 0.009817074677443456
8 223 0.019994784377964463
8 233 0.006968550885033636
8 234 0.01963414935488691
8 239 0.09114518362536886
8 242 0.016482002803431612
8 251 0.006157545858930269
8 252 0.01963414935488691
9 1 0.016028018908830367
9 3 0.01768925720180849
9 14 0.10264581410640007
9 15 0.041058325642560026
9 16 0.06012157962729308
9 17 0.016028018908830367
9 46 0.020529162821280013
9 47 0.020529162821280013
9 48 0.009433962264150943
9 50 0.03537851440361698
9 64 0.020529162821280013
9 73 0.04716981132075472
9 79 0.016028018908830367
9 83 0.013935106176600588
9 86 0.026376226578717687
9 87 0.03537851440361698
9 89 0.016028018908830367
9 92 0.010020263271215513
9 93 0.020529162821280013
9 99 0.013935106176600588
9 106 0.02830188679245283
9 110 0.01152687499638072
9 111 0.03766961940683277
9 119 0.020529162821280013
9 123 0.009433962264150943
9 125 0.041058325642560026
9 126 0.020529162821280013
9 128 0.020529162821280013
9 131 0.020529162821280013
9 137 0.020529162821280013
9 138 0.016028018908830367
9 143 0.016028018908830367
9 146 0.02305374999276144
9 150 0.1642333025702401
9 156 0.07493292469134144
9 160 0.013935106176600588
9 162 0.04610749998552288
9 163 0.02830188679245283
9 168 0.20529162821280014
9 169 0.041058325642560026
9 171 0.016028018908830367
9 173 0.03537851440361698
9 179 0.020529162821280013
9 180 0.020529162821280013
9 186 0.020529162821280013
9 201 0.020529162821280013
9 204 0.020529162821280013
9 213 0.03766961940683277
9 223 0.024018891925730895
9 238 0.016028018908830367
9 245 0.020529162821280013
10 6 0.016396159038830405
10 7 0.019531888160330205
10 16 0.055320203476502315
10 17 0.03539520842366706
10 24 0.02266761728183001
10 45 0.01538667973666315
10 48 0.010416666666666666
10 60 0.016396159038830405
10 73 0.041666666666666664
10 87 0.019531888160330205
10 91 0.01769760421183353
10 92 0.011064040695300462
10 103 0.07812755264132082
10 106 0.03125
10 110 0.02545518228367409
10 116 0.08198079519415202
10 123 0.020833333333333332
10 130 0.016396159038830405
10 141 0.02266761728183001
10 146 0.012727591141837045
10 147 0.0265208598346612
10 156 0.22457575941720487
10 157 0.01386451269834817
10 162 0.012727591141837045
10 163 0.03125
10 167 0.01769760421183353
10 170 0.04533523456366002
10 173 0.019531888160330205
10 174 0.04533523456366002
10 175 0.02266761728183001
10 189 0.01769760421183353
10 190 0.011426145968833921
10 191 0.09067046912732005
10 192 0.02266761728183001
10 196 0.01769760421183353
10 199 0.019531888160330205
10 213 0.02772902539669634
10 220 0.08318707619008903
10 224 0.019531888160330205
10 235 0.016396159038830405
10 236 0.02266761728183001
10 242 0.03279231807766081
10 249 0.016396159038830405
10 251 0.012250950615163347
11 6 0.026233854462128645
11 16 0.07080986044992296
11 45 0.02461868757866104
11 48 0.016666666666666666
11 55 0.06250204211305666
11 66 0.026233854462128645
11 69 0.03626818765092802
11 73 0.05
11 83 0.07385606273598312
11 84 0.028316166738933644
11 92 0.03540493022496148
11 99 0.02461868757866104
11 106 0.05
11 111 0.022183220317357075
11 120 0.03626818765092802
11 123 0.016666666666666666
11 130 0.026233854462128645
11 146 0.020364145826939274
11 147 0.02121668786772896
11 152 0.06250204211305666
11 156 0.13238150028803655
11 157 0.022183220317357075
11 162 0.020364145826939274
11 163 0.05
11 172 0.06250204211305666
11 190 0.018281833550134276
11 196 0.028316166738933644
11 213 0.04436644063471415
11 215 0.03626818765092802
11 220 0.13309932190414245
11 242 0.026233854462128645
11 249 0.026233854462128645
11 251 0.019601520984261357
12 6 0.02810770120942355
12 16 0.018966926906229364
12 17 0.030338750077428905
12 45 0.026377165262851113
12 48 0.017857142857142856
12 49 0.026377165262851113
12 60 0.0562154024188471
12 73 0.05357142857142857
12 83 0.026377165262851113
12 92 0.018966926906229364
12 99 0.026377165262851113
12 103 0.0669664736925607
12 106 0.05357142857142857
12 107 0.07771754496627432
12 111 0.02376773605431115
12 123 0.017857142857142856
12 130 0.02810770120942355
12 146 0.021818727671720647
12 147 0.022732165572566743
12 156 0.12157484720329888
12 157 0.02376773605431115
12 162 0.043637455343441295
12 163 0.05357142857142857
12 172 0.03348323684628035
12 190 0.039175357607430586
12 196 0.030338750077428905
12 199 0.03348323684628035
12 213 0.0475354721086223
12 220 0.1426064163258669
12 242 0.0562154024188471
12 248 0.030338750077428905
12 249 0.02810770120942355
12 251 0.02100162962599431
13 1 0.018467065264521944
13 3 0.04076220137808043
13 27 0.14266770482328153
13 28 0.04076220137808043
13 35 0.04076220137808043
13 41 0.020381100689040216
13 48 0.010869565217391304
13 49 0.048166997436510726
13 51 0.023653165859300884
13 53 0.023653165859300884
13 56 0.023653165859300884
13 58 0.020381100689040216
13 59 0.061143302067120646
13 65 0.061143302067120646
13 73 0.03260869565217391
13 74 0.023653165859300884
13 78 0.013280964669743003
13 80 0.023653165859300884
13 81 0.061143302067120646
13 86 0.015195000094261276
13 94 0.020381100689040216
13 106 0.021739130434782608
13 112 0.023653165859300884
13 114 0.018467065264521944
13 122 0.03693413052904389
13 123 0.021739130434782608
13 139 0.023653165859300884
13 142 0.018467065264521944
13 146 0.03984289400922901
13 148 0.023653165859300884
13 149 0.04730633171860177
13 151 0.023653165859300884
13 153 0.018467065264521944
13 161 0.04076220137808043
13 163 0.021739130434782608
13 166 0.023653165859300884
13 185 0.07095949757790265
13 193 0.020381100689040216
13 194 0.04076220137808043
13 197 0.023653165859300884
13 205 0.018467065264521944
13 210 0.023653165859300884
13 217 0.04076220137808043
13 218 0.061143302067120646
13 229 0.04730633171860177
13 231 0.023653165859300884
13 233 0.014467317598276352
13 240 0.055401195793565824
13 241 0.04730633171860177
13 247 0.07095949757790265
13 250 0.055401195793565824
14 1 0.02462275368602926
14 27 0.16304880551232173
14 28 0.02717480091872029
14 35 0.05434960183744058
14 37 0.03153755447906784
14 41 0.02717480091872029
14 48 0.014492753623188406
14 58 0.02717480091872029
14 59 0.08152440275616087
14 65 0.08152440275616087
14 68 0.06307510895813569
14 72 0.07386826105808778
14 73 0.014492753623188406
14 78 0.017707952892990673
14 81 0.02717480091872029
14 86 0.0202600001256817
14 94 0.02717480091872029
14 95 0.02717480091872029
14 104 0.03153755447906784
14 106 0.043478260869565216
14 113 0.022812047358372736
14 114 0.02462275368602926
14 123 0.028985507246376812
14 146 0.0708318115719627
14 158 0.09461266343720354
14 160 0.021407554416226993
14 163 0.014492753623188406
14 176 0.03153755447906784
14 177 0.03153755447906784
14 193 0.02717480091872029
14 194 0.02717480091872029
14 198 0.03153755447906784
14 203 0.06307510895813569
14 209 0.060780000377045104
14 211 0.03153755447906784
14 212 0.03153755447906784
14 217 0.02717480091872029
14 218 0.08152440275616087
14 223 0.036898587596050365
14 240 0.02462275368602926
14 249 0.022812047358372736
14 250 0.02462275368602926
15 7 0.021803037946415114
15 16 0.01235055705521912
15 32 0.025303386733205598
15 33 0.25303386733205596
15 38 0.07591016019961679
15 42 0.025303386733205598
15 43 0.15182032039923357
15 48 0.011627906976744186
15 57 0.025303386733205598
15 60 0.036605378319249274
15 67 0.01975546516669789
15 73 0.03488372093023256
15 78 0.01420754360019019
15 90 0.025303386733205598
15 92 0.02470111411043824
15 95 0.021803037946415114
15 106 0.046511627906976744
15 110 0.01420754360019019
15 111 0.015476665337690982
15 113 0.018302689159624637
15 121 0.025303386733205598
15 123 0.011627906976744186
15 124 0.021803037946415114
15 129 0.025303386733205598
15 135 0.03251023275981482
15 145 0.025303386733205598
15 153 0.01975546516669789
15 155 0.10901518973207558
15 160 0.01717582854325189
15 162 0.01420754360019019
15 163 0.03488372093023256
15 190 0.025509535186233872
15 219 0.05152748562975566
15 220 0.12381332270152785
15 223 0.014802340372834158
15 225 0.025303386733205598
15 227 0.03951093033339578
15 233 0.030953330675381963
15 235 0.05490806747887391
15 237 0.025303386733205598
15 238 0.01975546516669789
15 251 0.013675479756461412
